(kicad_pcb (version 20171130) (host pcbnew "(5.0.1)-rc2")

  (general
    (thickness 1.6)
    (drawings 7)
    (tracks 1379)
    (zones 0)
    (modules 80)
    (nets 81)
  )

  (page A4)
  (layers
    (0 F.Cu signal)
    (31 B.Cu signal)
    (32 B.Adhes user)
    (33 F.Adhes user)
    (34 B.Paste user)
    (35 F.Paste user)
    (36 B.SilkS user)
    (37 F.SilkS user)
    (38 B.Mask user)
    (39 F.Mask user)
    (40 Dwgs.User user)
    (41 Cmts.User user)
    (42 Eco1.User user)
    (43 Eco2.User user)
    (44 Edge.Cuts user)
    (45 Margin user)
    (46 B.CrtYd user)
    (47 F.CrtYd user)
    (48 B.Fab user)
    (49 F.Fab user)
  )

  (setup
    (last_trace_width 0.25)
    (trace_clearance 0.15)
    (zone_clearance 0.508)
    (zone_45_only no)
    (trace_min 0.0889)
    (segment_width 0.2)
    (edge_width 0.15)
    (via_size 0.8)
    (via_drill 0.4)
    (via_min_size 0.45)
    (via_min_drill 0.2)
    (uvia_size 0.3)
    (uvia_drill 0.1)
    (uvias_allowed no)
    (uvia_min_size 0.2)
    (uvia_min_drill 0.1)
    (pcb_text_width 0.3)
    (pcb_text_size 1.5 1.5)
    (mod_edge_width 0.15)
    (mod_text_size 1 1)
    (mod_text_width 0.15)
    (pad_size 1.524 1.524)
    (pad_drill 0.762)
    (pad_to_mask_clearance 0.2)
    (solder_mask_min_width 0.25)
    (aux_axis_origin 0 0)
    (visible_elements 7FFDFE7F)
    (pcbplotparams
      (layerselection 0x010fc_ffffffff)
      (usegerberextensions false)
      (usegerberattributes false)
      (usegerberadvancedattributes false)
      (creategerberjobfile false)
      (excludeedgelayer true)
      (linewidth 0.100000)
      (plotframeref false)
      (viasonmask false)
      (mode 1)
      (useauxorigin false)
      (hpglpennumber 1)
      (hpglpenspeed 20)
      (hpglpendiameter 15.000000)
      (psnegative false)
      (psa4output false)
      (plotreference true)
      (plotvalue true)
      (plotinvisibletext false)
      (padsonsilk false)
      (subtractmaskfromsilk false)
      (outputformat 1)
      (mirror false)
      (drillshape 0)
      (scaleselection 1)
      (outputdirectory "Gerber/"))
  )

  (net 0 "")
  (net 1 BattRtn)
  (net 2 "Net-(D1-Pad1)")
  (net 3 "Net-(D2-Pad1)")
  (net 4 "Net-(D5-Pad2)")
  (net 5 BattPwr)
  (net 6 Fun_Btn_1_P23)
  (net 7 "Net-(R1-Pad1)")
  (net 8 "Net-(R9-Pad2)")
  (net 9 SCL)
  (net 10 SDA)
  (net 11 "Net-(U1-Pad16)")
  (net 12 "Net-(J9-Pad2)")
  (net 13 /BatteryManagement/NTC)
  (net 14 Vdd)
  (net 15 "Net-(C3-Pad2)")
  (net 16 "Net-(C5-Pad2)")
  (net 17 /DEC1)
  (net 18 /DEC2)
  (net 19 /DEC3)
  (net 20 /DEC4)
  (net 21 "Net-(C12-Pad1)")
  (net 22 "Net-(C13-Pad1)")
  (net 23 "Net-(C14-Pad1)")
  (net 24 "Net-(C15-Pad1)")
  (net 25 "Net-(C16-Pad1)")
  (net 26 /EINK/EINK_VGH)
  (net 27 /EINK/EINK_VGL)
  (net 28 "Net-(C21-Pad1)")
  (net 29 "Net-(C21-Pad2)")
  (net 30 /EINK/EINK_PREVGH)
  (net 31 /EINK/EINK_PREVGL)
  (net 32 LED1_P2)
  (net 33 LED2_P3)
  (net 34 /RESET)
  (net 35 /SWO)
  (net 36 /SWDCLK)
  (net 37 /SWDIO)
  (net 38 /SPI_MISO)
  (net 39 /SPI_CLK)
  (net 40 /SPI_MOSI)
  (net 41 "Net-(L1-Pad1)")
  (net 42 /EINK/EINK_GDR)
  (net 43 /EINK/EINK_RESE)
  (net 44 "Net-(R16-Pad2)")
  (net 45 /SPI_EINK_CS)
  (net 46 "Net-(ANT1-Pad1)")
  (net 47 "Net-(C25-Pad1)")
  (net 48 "Net-(C26-Pad1)")
  (net 49 "Net-(J10-Pad3)")
  (net 50 /BatteryManagement/Batt-)
  (net 51 USBPwr)
  (net 52 "Net-(R4-Pad1)")
  (net 53 "Net-(C6-Pad1)")
  (net 54 /EINK_BUSY)
  (net 55 /EINK_RST)
  (net 56 /EINK_DC)
  (net 57 "Net-(U8-Pad2)")
  (net 58 "Net-(U8-Pad4)")
  (net 59 "Net-(U8-Pad5)")
  (net 60 "Net-(D5-Pad1)")
  (net 61 "Net-(C24-Pad1)")
  (net 62 "Net-(C27-Pad2)")
  (net 63 "Net-(C27-Pad1)")
  (net 64 /SPI_CS)
  (net 65 /GPS_Reset)
  (net 66 /GPS_Tx)
  (net 67 /GPS_Rx)
  (net 68 /GPS_ExtInt)
  (net 69 "Net-(C28-Pad1)")
  (net 70 "Net-(C29-Pad1)")
  (net 71 USB_PWR)
  (net 72 "Net-(D3-Pad1)")
  (net 73 "Net-(D3-Pad2)")
  (net 74 "Net-(J4-Pad6)")
  (net 75 "Net-(R7-Pad1)")
  (net 76 "/Button and LEDs/FTDI_3V3")
  (net 77 UART_RX)
  (net 78 UART_TX)
  (net 79 /Debug_Tx)
  (net 80 /Debug_Rx)

  (net_class Default "This is the default net class."
    (clearance 0.15)
    (trace_width 0.25)
    (via_dia 0.8)
    (via_drill 0.4)
    (uvia_dia 0.3)
    (uvia_drill 0.1)
    (add_net /BatteryManagement/Batt-)
    (add_net /BatteryManagement/NTC)
    (add_net /EINK/EINK_GDR)
    (add_net /EINK/EINK_PREVGH)
    (add_net /EINK/EINK_PREVGL)
    (add_net /EINK/EINK_RESE)
    (add_net /EINK/EINK_VGH)
    (add_net /EINK/EINK_VGL)
    (add_net /RESET)
    (add_net /SWDCLK)
    (add_net /SWDIO)
    (add_net /SWO)
    (add_net BattPwr)
    (add_net BattRtn)
    (add_net "Net-(ANT1-Pad1)")
    (add_net "Net-(C12-Pad1)")
    (add_net "Net-(C13-Pad1)")
    (add_net "Net-(C14-Pad1)")
    (add_net "Net-(C15-Pad1)")
    (add_net "Net-(C16-Pad1)")
    (add_net "Net-(C21-Pad1)")
    (add_net "Net-(C21-Pad2)")
    (add_net "Net-(C24-Pad1)")
    (add_net "Net-(C25-Pad1)")
    (add_net "Net-(C26-Pad1)")
    (add_net "Net-(C27-Pad1)")
    (add_net "Net-(C27-Pad2)")
    (add_net "Net-(C28-Pad1)")
    (add_net "Net-(C29-Pad1)")
    (add_net "Net-(C3-Pad2)")
    (add_net "Net-(C5-Pad2)")
    (add_net "Net-(C6-Pad1)")
    (add_net "Net-(D1-Pad1)")
    (add_net "Net-(D2-Pad1)")
    (add_net "Net-(D3-Pad1)")
    (add_net "Net-(D3-Pad2)")
    (add_net "Net-(D5-Pad1)")
    (add_net "Net-(D5-Pad2)")
    (add_net "Net-(J10-Pad3)")
    (add_net "Net-(J4-Pad6)")
    (add_net "Net-(J9-Pad2)")
    (add_net "Net-(L1-Pad1)")
    (add_net "Net-(R1-Pad1)")
    (add_net "Net-(R16-Pad2)")
    (add_net "Net-(R4-Pad1)")
    (add_net "Net-(R7-Pad1)")
    (add_net "Net-(R9-Pad2)")
    (add_net "Net-(U1-Pad16)")
    (add_net "Net-(U8-Pad2)")
    (add_net "Net-(U8-Pad4)")
    (add_net "Net-(U8-Pad5)")
    (add_net USBPwr)
    (add_net USB_PWR)
    (add_net Vdd)
  )

  (net_class small ""
    (clearance 0.15)
    (trace_width 0.125)
    (via_dia 0.6)
    (via_drill 0.3)
    (uvia_dia 0.3)
    (uvia_drill 0.1)
    (add_net "/Button and LEDs/FTDI_3V3")
    (add_net /DEC1)
    (add_net /DEC2)
    (add_net /DEC3)
    (add_net /DEC4)
    (add_net /Debug_Rx)
    (add_net /Debug_Tx)
    (add_net /EINK_BUSY)
    (add_net /EINK_DC)
    (add_net /EINK_RST)
    (add_net /GPS_ExtInt)
    (add_net /GPS_Reset)
    (add_net /GPS_Rx)
    (add_net /GPS_Tx)
    (add_net /SPI_CLK)
    (add_net /SPI_CS)
    (add_net /SPI_EINK_CS)
    (add_net /SPI_MISO)
    (add_net /SPI_MOSI)
    (add_net Fun_Btn_1_P23)
    (add_net LED1_P2)
    (add_net LED2_P3)
    (add_net SCL)
    (add_net SDA)
    (add_net UART_RX)
    (add_net UART_TX)
  )

  (module Capacitor_SMD:C_0805_2012Metric (layer F.Cu) (tedit 5B36C52B) (tstamp 5D0BEF83)
    (at 203.3825 54.55 180)
    (descr "Capacitor SMD 0805 (2012 Metric), square (rectangular) end terminal, IPC_7351 nominal, (Body size source: https://docs.google.com/spreadsheets/d/1BsfQQcO9C6DZCsRaXUlFlo91Tg2WpOkGARC1WS5S8t0/edit?usp=sharing), generated with kicad-footprint-generator")
    (tags capacitor)
    (path /5AC349CD/5C866826)
    (attr smd)
    (fp_text reference C29 (at 0.4365 1.972 180) (layer F.SilkS)
      (effects (font (size 1 1) (thickness 0.15)))
    )
    (fp_text value 47pF (at 0 1.65 180) (layer F.Fab)
      (effects (font (size 1 1) (thickness 0.15)))
    )
    (fp_text user %R (at 0 0 180) (layer F.Fab)
      (effects (font (size 0.5 0.5) (thickness 0.08)))
    )
    (fp_line (start 1.68 0.95) (end -1.68 0.95) (layer F.CrtYd) (width 0.05))
    (fp_line (start 1.68 -0.95) (end 1.68 0.95) (layer F.CrtYd) (width 0.05))
    (fp_line (start -1.68 -0.95) (end 1.68 -0.95) (layer F.CrtYd) (width 0.05))
    (fp_line (start -1.68 0.95) (end -1.68 -0.95) (layer F.CrtYd) (width 0.05))
    (fp_line (start -0.258578 0.71) (end 0.258578 0.71) (layer F.SilkS) (width 0.12))
    (fp_line (start -0.258578 -0.71) (end 0.258578 -0.71) (layer F.SilkS) (width 0.12))
    (fp_line (start 1 0.6) (end -1 0.6) (layer F.Fab) (width 0.1))
    (fp_line (start 1 -0.6) (end 1 0.6) (layer F.Fab) (width 0.1))
    (fp_line (start -1 -0.6) (end 1 -0.6) (layer F.Fab) (width 0.1))
    (fp_line (start -1 0.6) (end -1 -0.6) (layer F.Fab) (width 0.1))
    (pad 2 smd roundrect (at 0.9375 0 180) (size 0.975 1.4) (layers F.Cu F.Paste F.Mask) (roundrect_rratio 0.25)
      (net 1 BattRtn))
    (pad 1 smd roundrect (at -0.9375 0 180) (size 0.975 1.4) (layers F.Cu F.Paste F.Mask) (roundrect_rratio 0.25)
      (net 70 "Net-(C29-Pad1)"))
    (model ${KISYS3DMOD}/Capacitor_SMD.3dshapes/C_0805_2012Metric.wrl
      (at (xyz 0 0 0))
      (scale (xyz 1 1 1))
      (rotate (xyz 0 0 0))
    )
  )

  (module Connectors2:1X03 (layer F.Cu) (tedit 5C8354C4) (tstamp 5CB5B0C0)
    (at 220.8276 63.1444)
    (descr "PLATED THROUGH HOLE - 3 PIN")
    (tags "PLATED THROUGH HOLE - 3 PIN")
    (path /5BC13B3B)
    (attr virtual)
    (fp_text reference J1 (at 0 -1.905) (layer F.SilkS)
      (effects (font (size 0.6096 0.6096) (thickness 0.127)))
    )
    (fp_text value debug_conn (at 0 1.905) (layer F.SilkS) hide
      (effects (font (size 0.6096 0.6096) (thickness 0.127)))
    )
    (fp_line (start 6.35 -0.635) (end 6.35 0.635) (layer F.SilkS) (width 0.2032))
    (fp_line (start 0.635 1.27) (end -0.635 1.27) (layer F.SilkS) (width 0.2032))
    (fp_line (start -1.27 0.635) (end -0.635 1.27) (layer F.SilkS) (width 0.2032))
    (fp_line (start -0.635 -1.27) (end -1.27 -0.635) (layer F.SilkS) (width 0.2032))
    (fp_line (start -1.27 -0.635) (end -1.27 0.635) (layer F.SilkS) (width 0.2032))
    (fp_line (start 1.905 1.27) (end 1.27 0.635) (layer F.SilkS) (width 0.2032))
    (fp_line (start 3.175 1.27) (end 1.905 1.27) (layer F.SilkS) (width 0.2032))
    (fp_line (start 3.81 0.635) (end 3.175 1.27) (layer F.SilkS) (width 0.2032))
    (fp_line (start 3.175 -1.27) (end 3.81 -0.635) (layer F.SilkS) (width 0.2032))
    (fp_line (start 1.905 -1.27) (end 3.175 -1.27) (layer F.SilkS) (width 0.2032))
    (fp_line (start 1.27 -0.635) (end 1.905 -1.27) (layer F.SilkS) (width 0.2032))
    (fp_line (start 1.27 0.635) (end 0.635 1.27) (layer F.SilkS) (width 0.2032))
    (fp_line (start 0.635 -1.27) (end 1.27 -0.635) (layer F.SilkS) (width 0.2032))
    (fp_line (start -0.635 -1.27) (end 0.635 -1.27) (layer F.SilkS) (width 0.2032))
    (fp_line (start 4.445 1.27) (end 3.81 0.635) (layer F.SilkS) (width 0.2032))
    (fp_line (start 5.715 1.27) (end 4.445 1.27) (layer F.SilkS) (width 0.2032))
    (fp_line (start 6.35 0.635) (end 5.715 1.27) (layer F.SilkS) (width 0.2032))
    (fp_line (start 5.715 -1.27) (end 6.35 -0.635) (layer F.SilkS) (width 0.2032))
    (fp_line (start 4.445 -1.27) (end 5.715 -1.27) (layer F.SilkS) (width 0.2032))
    (fp_line (start 3.81 -0.635) (end 4.445 -1.27) (layer F.SilkS) (width 0.2032))
    (fp_line (start -0.254 0.254) (end -0.254 -0.254) (layer Dwgs.User) (width 0.06604))
    (fp_line (start -0.254 -0.254) (end 0.254 -0.254) (layer Dwgs.User) (width 0.06604))
    (fp_line (start 0.254 0.254) (end 0.254 -0.254) (layer Dwgs.User) (width 0.06604))
    (fp_line (start -0.254 0.254) (end 0.254 0.254) (layer Dwgs.User) (width 0.06604))
    (fp_line (start 2.286 0.254) (end 2.286 -0.254) (layer Dwgs.User) (width 0.06604))
    (fp_line (start 2.286 -0.254) (end 2.794 -0.254) (layer Dwgs.User) (width 0.06604))
    (fp_line (start 2.794 0.254) (end 2.794 -0.254) (layer Dwgs.User) (width 0.06604))
    (fp_line (start 2.286 0.254) (end 2.794 0.254) (layer Dwgs.User) (width 0.06604))
    (fp_line (start 4.826 0.254) (end 4.826 -0.254) (layer Dwgs.User) (width 0.06604))
    (fp_line (start 4.826 -0.254) (end 5.334 -0.254) (layer Dwgs.User) (width 0.06604))
    (fp_line (start 5.334 0.254) (end 5.334 -0.254) (layer Dwgs.User) (width 0.06604))
    (fp_line (start 4.826 0.254) (end 5.334 0.254) (layer Dwgs.User) (width 0.06604))
    (pad 3 thru_hole circle (at 5.08 0) (size 1.8796 1.8796) (drill 1.016) (layers *.Cu *.Mask)
      (net 79 /Debug_Tx) (solder_mask_margin 0.1016))
    (pad 2 thru_hole circle (at 2.54 0) (size 1.8796 1.8796) (drill 1.016) (layers *.Cu *.Mask)
      (net 80 /Debug_Rx) (solder_mask_margin 0.1016))
    (pad 1 thru_hole circle (at 0 0) (size 1.8796 1.8796) (drill 1.016) (layers *.Cu *.Mask)
      (net 1 BattRtn) (solder_mask_margin 0.1016))
  )

  (module CustomFP:CAM-M8Q (layer F.Cu) (tedit 5C834A1B) (tstamp 5C80B3D5)
    (at 215.265 23.1648)
    (path /5BB6D2A1)
    (fp_text reference U1 (at 11.6 -1.45) (layer F.SilkS)
      (effects (font (size 1 1) (thickness 0.15)))
    )
    (fp_text value CAM_M8Q (at 6.25 4.2) (layer F.Fab)
      (effects (font (size 1 1) (thickness 0.15)))
    )
    (fp_line (start 0 14) (end 9.6 14) (layer F.SilkS) (width 0.15))
    (fp_line (start 9.6 14) (end 9.6 0) (layer F.SilkS) (width 0.15))
    (fp_line (start 0 0) (end 0 14) (layer F.SilkS) (width 0.15))
    (fp_line (start 0 0) (end 9.6 0) (layer F.SilkS) (width 0.15))
    (fp_poly (pts (xy 1 4.8) (xy 8.6 4.8) (xy 8.6 0) (xy 1 0.1)) (layer F.CrtYd) (width 0.15))
    (fp_line (start 11.43 -1.27) (end -1.905 -1.27) (layer F.CrtYd) (width 0.15))
    (fp_line (start -1.905 -1.27) (end -1.905 15.875) (layer F.CrtYd) (width 0.15))
    (fp_line (start -1.905 15.875) (end -1.27 15.875) (layer F.CrtYd) (width 0.15))
    (pad 28 smd rect (at 3.8 14) (size 0.7 2) (layers F.Cu F.Paste F.Mask))
    (pad 29 smd rect (at 4.8 14) (size 0.7 2) (layers F.Cu F.Paste F.Mask))
    (pad 30 smd rect (at 5.8 14) (size 0.7 2) (layers F.Cu F.Paste F.Mask))
    (pad 31 smd rect (at 6.8 14) (size 0.7 2) (layers F.Cu F.Paste F.Mask)
      (net 1 BattRtn))
    (pad 27 smd rect (at 2.8 14) (size 0.7 2) (layers F.Cu F.Paste F.Mask)
      (net 1 BattRtn))
    (pad 1 smd rect (at 9.6 13.2) (size 2 0.7) (layers F.Cu F.Paste F.Mask)
      (net 14 Vdd))
    (pad 2 smd rect (at 9.6 12.2) (size 2 0.7) (layers F.Cu F.Paste F.Mask))
    (pad 3 smd rect (at 9.6 11.2) (size 2 0.7) (layers F.Cu F.Paste F.Mask))
    (pad 4 smd rect (at 9.6 10.2) (size 2 0.7) (layers F.Cu F.Paste F.Mask)
      (net 1 BattRtn))
    (pad 5 smd rect (at 9.6 9.2) (size 2 0.7) (layers F.Cu F.Paste F.Mask)
      (net 1 BattRtn))
    (pad 6 smd rect (at 9.6 8.2) (size 2 0.7) (layers F.Cu F.Paste F.Mask))
    (pad 7 smd rect (at 9.6 7.2) (size 2 0.7) (layers F.Cu F.Paste F.Mask)
      (net 68 /GPS_ExtInt))
    (pad 8 smd rect (at 9.6 6.2) (size 2 0.7) (layers F.Cu F.Paste F.Mask))
    (pad 9 smd rect (at 9.6 5.2) (size 2 0.7) (layers F.Cu F.Paste F.Mask)
      (net 14 Vdd))
    (pad 10 smd rect (at 9.6 4.2) (size 2 0.7) (layers F.Cu F.Paste F.Mask)
      (net 1 BattRtn))
    (pad 15 smd rect (at 0 2.2) (size 2 0.7) (layers F.Cu F.Paste F.Mask)
      (net 1 BattRtn))
    (pad 16 smd rect (at 0 3.2) (size 2 0.7) (layers F.Cu F.Paste F.Mask)
      (net 11 "Net-(U1-Pad16)"))
    (pad 17 smd rect (at 0 4.2) (size 2 0.7) (layers F.Cu F.Paste F.Mask)
      (net 11 "Net-(U1-Pad16)"))
    (pad 18 smd rect (at 0 5.2) (size 2 0.7) (layers F.Cu F.Paste F.Mask)
      (net 1 BattRtn))
    (pad 19 smd rect (at 0 6.2) (size 2 0.7) (layers F.Cu F.Paste F.Mask)
      (net 1 BattRtn))
    (pad 20 smd rect (at 0 7.2) (size 2 0.7) (layers F.Cu F.Paste F.Mask))
    (pad 21 smd rect (at 0 8.2) (size 2 0.7) (layers F.Cu F.Paste F.Mask)
      (net 1 BattRtn))
    (pad 22 smd rect (at 0 9.2) (size 2 0.7) (layers F.Cu F.Paste F.Mask)
      (net 1 BattRtn))
    (pad 23 smd rect (at 0 10.2) (size 2 0.7) (layers F.Cu F.Paste F.Mask)
      (net 65 /GPS_Reset))
    (pad 24 smd rect (at 0 11.2) (size 2 0.7) (layers F.Cu F.Paste F.Mask))
    (pad 25 smd rect (at 0 12.2) (size 2 0.7) (layers F.Cu F.Paste F.Mask)
      (net 66 /GPS_Tx))
    (pad 26 smd rect (at 0 13.2) (size 2 0.7) (layers F.Cu F.Paste F.Mask)
      (net 67 /GPS_Rx))
    (pad 11 smd rect (at 9.6 3.2) (size 2 0.7) (layers F.Cu F.Paste F.Mask)
      (net 1 BattRtn))
    (pad 12 smd rect (at 9.6 2.2) (size 2 0.7) (layers F.Cu F.Paste F.Mask)
      (net 1 BattRtn))
    (pad 14 smd rect (at 0 1.05) (size 2 1) (layers F.Cu F.Paste F.Mask)
      (net 1 BattRtn))
    (pad 13 smd rect (at 9.6 1.05) (size 2 1) (layers F.Cu F.Paste F.Mask)
      (net 1 BattRtn))
  )

  (module Capacitor_SMD:C_0805_2012Metric (layer F.Cu) (tedit 5B36C52B) (tstamp 5C80A575)
    (at 207.5434 52.0065 270)
    (descr "Capacitor SMD 0805 (2012 Metric), square (rectangular) end terminal, IPC_7351 nominal, (Body size source: https://docs.google.com/spreadsheets/d/1BsfQQcO9C6DZCsRaXUlFlo91Tg2WpOkGARC1WS5S8t0/edit?usp=sharing), generated with kicad-footprint-generator")
    (tags capacitor)
    (path /5BC07DB4)
    (attr smd)
    (fp_text reference C1 (at 0 -1.65) (layer F.SilkS)
      (effects (font (size 1 1) (thickness 0.15)))
    )
    (fp_text value 82n (at 0 1.65 270) (layer F.Fab)
      (effects (font (size 1 1) (thickness 0.15)))
    )
    (fp_text user %R (at 0 0 270) (layer F.Fab)
      (effects (font (size 0.5 0.5) (thickness 0.08)))
    )
    (fp_line (start 1.68 0.95) (end -1.68 0.95) (layer F.CrtYd) (width 0.05))
    (fp_line (start 1.68 -0.95) (end 1.68 0.95) (layer F.CrtYd) (width 0.05))
    (fp_line (start -1.68 -0.95) (end 1.68 -0.95) (layer F.CrtYd) (width 0.05))
    (fp_line (start -1.68 0.95) (end -1.68 -0.95) (layer F.CrtYd) (width 0.05))
    (fp_line (start -0.258578 0.71) (end 0.258578 0.71) (layer F.SilkS) (width 0.12))
    (fp_line (start -0.258578 -0.71) (end 0.258578 -0.71) (layer F.SilkS) (width 0.12))
    (fp_line (start 1 0.6) (end -1 0.6) (layer F.Fab) (width 0.1))
    (fp_line (start 1 -0.6) (end 1 0.6) (layer F.Fab) (width 0.1))
    (fp_line (start -1 -0.6) (end 1 -0.6) (layer F.Fab) (width 0.1))
    (fp_line (start -1 0.6) (end -1 -0.6) (layer F.Fab) (width 0.1))
    (pad 2 smd roundrect (at 0.9375 0 270) (size 0.975 1.4) (layers F.Cu F.Paste F.Mask) (roundrect_rratio 0.25)
      (net 1 BattRtn))
    (pad 1 smd roundrect (at -0.9375 0 270) (size 0.975 1.4) (layers F.Cu F.Paste F.Mask) (roundrect_rratio 0.25)
      (net 14 Vdd))
    (model ${KISYS3DMOD}/Capacitor_SMD.3dshapes/C_0805_2012Metric.wrl
      (at (xyz 0 0 0))
      (scale (xyz 1 1 1))
      (rotate (xyz 0 0 0))
    )
  )

  (module Capacitor_SMD:C_0805_2012Metric (layer F.Cu) (tedit 5B36C52B) (tstamp 5CC42C4E)
    (at 206.4512 42.0347 90)
    (descr "Capacitor SMD 0805 (2012 Metric), square (rectangular) end terminal, IPC_7351 nominal, (Body size source: https://docs.google.com/spreadsheets/d/1BsfQQcO9C6DZCsRaXUlFlo91Tg2WpOkGARC1WS5S8t0/edit?usp=sharing), generated with kicad-footprint-generator")
    (tags capacitor)
    (path /5C7432E1)
    (attr smd)
    (fp_text reference C7 (at 2.4107 0.0508 180) (layer F.SilkS)
      (effects (font (size 1 1) (thickness 0.15)))
    )
    (fp_text value 82n (at 0 1.65 90) (layer F.Fab)
      (effects (font (size 1 1) (thickness 0.15)))
    )
    (fp_text user %R (at 0 0 90) (layer F.Fab)
      (effects (font (size 0.5 0.5) (thickness 0.08)))
    )
    (fp_line (start 1.68 0.95) (end -1.68 0.95) (layer F.CrtYd) (width 0.05))
    (fp_line (start 1.68 -0.95) (end 1.68 0.95) (layer F.CrtYd) (width 0.05))
    (fp_line (start -1.68 -0.95) (end 1.68 -0.95) (layer F.CrtYd) (width 0.05))
    (fp_line (start -1.68 0.95) (end -1.68 -0.95) (layer F.CrtYd) (width 0.05))
    (fp_line (start -0.258578 0.71) (end 0.258578 0.71) (layer F.SilkS) (width 0.12))
    (fp_line (start -0.258578 -0.71) (end 0.258578 -0.71) (layer F.SilkS) (width 0.12))
    (fp_line (start 1 0.6) (end -1 0.6) (layer F.Fab) (width 0.1))
    (fp_line (start 1 -0.6) (end 1 0.6) (layer F.Fab) (width 0.1))
    (fp_line (start -1 -0.6) (end 1 -0.6) (layer F.Fab) (width 0.1))
    (fp_line (start -1 0.6) (end -1 -0.6) (layer F.Fab) (width 0.1))
    (pad 2 smd roundrect (at 0.9375 0 90) (size 0.975 1.4) (layers F.Cu F.Paste F.Mask) (roundrect_rratio 0.25)
      (net 1 BattRtn))
    (pad 1 smd roundrect (at -0.9375 0 90) (size 0.975 1.4) (layers F.Cu F.Paste F.Mask) (roundrect_rratio 0.25)
      (net 17 /DEC1))
    (model ${KISYS3DMOD}/Capacitor_SMD.3dshapes/C_0805_2012Metric.wrl
      (at (xyz 0 0 0))
      (scale (xyz 1 1 1))
      (rotate (xyz 0 0 0))
    )
  )

  (module Capacitor_SMD:C_0805_2012Metric (layer F.Cu) (tedit 5B36C52B) (tstamp 5C80A5B9)
    (at 223.7001 44.7548)
    (descr "Capacitor SMD 0805 (2012 Metric), square (rectangular) end terminal, IPC_7351 nominal, (Body size source: https://docs.google.com/spreadsheets/d/1BsfQQcO9C6DZCsRaXUlFlo91Tg2WpOkGARC1WS5S8t0/edit?usp=sharing), generated with kicad-footprint-generator")
    (tags capacitor)
    (path /5C7435C1)
    (attr smd)
    (fp_text reference C8 (at 1.3439 -1.8288) (layer F.SilkS)
      (effects (font (size 1 1) (thickness 0.15)))
    )
    (fp_text value 82n (at 0 1.65) (layer F.Fab)
      (effects (font (size 1 1) (thickness 0.15)))
    )
    (fp_text user %R (at 0 0) (layer F.Fab)
      (effects (font (size 0.5 0.5) (thickness 0.08)))
    )
    (fp_line (start 1.68 0.95) (end -1.68 0.95) (layer F.CrtYd) (width 0.05))
    (fp_line (start 1.68 -0.95) (end 1.68 0.95) (layer F.CrtYd) (width 0.05))
    (fp_line (start -1.68 -0.95) (end 1.68 -0.95) (layer F.CrtYd) (width 0.05))
    (fp_line (start -1.68 0.95) (end -1.68 -0.95) (layer F.CrtYd) (width 0.05))
    (fp_line (start -0.258578 0.71) (end 0.258578 0.71) (layer F.SilkS) (width 0.12))
    (fp_line (start -0.258578 -0.71) (end 0.258578 -0.71) (layer F.SilkS) (width 0.12))
    (fp_line (start 1 0.6) (end -1 0.6) (layer F.Fab) (width 0.1))
    (fp_line (start 1 -0.6) (end 1 0.6) (layer F.Fab) (width 0.1))
    (fp_line (start -1 -0.6) (end 1 -0.6) (layer F.Fab) (width 0.1))
    (fp_line (start -1 0.6) (end -1 -0.6) (layer F.Fab) (width 0.1))
    (pad 2 smd roundrect (at 0.9375 0) (size 0.975 1.4) (layers F.Cu F.Paste F.Mask) (roundrect_rratio 0.25)
      (net 1 BattRtn))
    (pad 1 smd roundrect (at -0.9375 0) (size 0.975 1.4) (layers F.Cu F.Paste F.Mask) (roundrect_rratio 0.25)
      (net 18 /DEC2))
    (model ${KISYS3DMOD}/Capacitor_SMD.3dshapes/C_0805_2012Metric.wrl
      (at (xyz 0 0 0))
      (scale (xyz 1 1 1))
      (rotate (xyz 0 0 0))
    )
  )

  (module Capacitor_SMD:C_0805_2012Metric (layer F.Cu) (tedit 5B36C52B) (tstamp 5C80A5CA)
    (at 218.984926 44.108726)
    (descr "Capacitor SMD 0805 (2012 Metric), square (rectangular) end terminal, IPC_7351 nominal, (Body size source: https://docs.google.com/spreadsheets/d/1BsfQQcO9C6DZCsRaXUlFlo91Tg2WpOkGARC1WS5S8t0/edit?usp=sharing), generated with kicad-footprint-generator")
    (tags capacitor)
    (path /5C7435FD)
    (attr smd)
    (fp_text reference C9 (at 0 1.611274) (layer F.SilkS)
      (effects (font (size 1 1) (thickness 0.15)))
    )
    (fp_text value 82n (at 0 1.65) (layer F.Fab)
      (effects (font (size 1 1) (thickness 0.15)))
    )
    (fp_text user %R (at 0 0) (layer F.Fab)
      (effects (font (size 0.5 0.5) (thickness 0.08)))
    )
    (fp_line (start 1.68 0.95) (end -1.68 0.95) (layer F.CrtYd) (width 0.05))
    (fp_line (start 1.68 -0.95) (end 1.68 0.95) (layer F.CrtYd) (width 0.05))
    (fp_line (start -1.68 -0.95) (end 1.68 -0.95) (layer F.CrtYd) (width 0.05))
    (fp_line (start -1.68 0.95) (end -1.68 -0.95) (layer F.CrtYd) (width 0.05))
    (fp_line (start -0.258578 0.71) (end 0.258578 0.71) (layer F.SilkS) (width 0.12))
    (fp_line (start -0.258578 -0.71) (end 0.258578 -0.71) (layer F.SilkS) (width 0.12))
    (fp_line (start 1 0.6) (end -1 0.6) (layer F.Fab) (width 0.1))
    (fp_line (start 1 -0.6) (end 1 0.6) (layer F.Fab) (width 0.1))
    (fp_line (start -1 -0.6) (end 1 -0.6) (layer F.Fab) (width 0.1))
    (fp_line (start -1 0.6) (end -1 -0.6) (layer F.Fab) (width 0.1))
    (pad 2 smd roundrect (at 0.9375 0) (size 0.975 1.4) (layers F.Cu F.Paste F.Mask) (roundrect_rratio 0.25)
      (net 1 BattRtn))
    (pad 1 smd roundrect (at -0.9375 0) (size 0.975 1.4) (layers F.Cu F.Paste F.Mask) (roundrect_rratio 0.25)
      (net 19 /DEC3))
    (model ${KISYS3DMOD}/Capacitor_SMD.3dshapes/C_0805_2012Metric.wrl
      (at (xyz 0 0 0))
      (scale (xyz 1 1 1))
      (rotate (xyz 0 0 0))
    )
  )

  (module Capacitor_SMD:C_0805_2012Metric (layer F.Cu) (tedit 5B36C52B) (tstamp 5C80A5DB)
    (at 208.649426 40.364526 90)
    (descr "Capacitor SMD 0805 (2012 Metric), square (rectangular) end terminal, IPC_7351 nominal, (Body size source: https://docs.google.com/spreadsheets/d/1BsfQQcO9C6DZCsRaXUlFlo91Tg2WpOkGARC1WS5S8t0/edit?usp=sharing), generated with kicad-footprint-generator")
    (tags capacitor)
    (path /5C743637)
    (attr smd)
    (fp_text reference C10 (at 2.264526 -0.369426 180) (layer F.SilkS)
      (effects (font (size 1 1) (thickness 0.15)))
    )
    (fp_text value 82n (at 0 1.65 90) (layer F.Fab)
      (effects (font (size 1 1) (thickness 0.15)))
    )
    (fp_text user %R (at 0 0 90) (layer F.Fab)
      (effects (font (size 0.5 0.5) (thickness 0.08)))
    )
    (fp_line (start 1.68 0.95) (end -1.68 0.95) (layer F.CrtYd) (width 0.05))
    (fp_line (start 1.68 -0.95) (end 1.68 0.95) (layer F.CrtYd) (width 0.05))
    (fp_line (start -1.68 -0.95) (end 1.68 -0.95) (layer F.CrtYd) (width 0.05))
    (fp_line (start -1.68 0.95) (end -1.68 -0.95) (layer F.CrtYd) (width 0.05))
    (fp_line (start -0.258578 0.71) (end 0.258578 0.71) (layer F.SilkS) (width 0.12))
    (fp_line (start -0.258578 -0.71) (end 0.258578 -0.71) (layer F.SilkS) (width 0.12))
    (fp_line (start 1 0.6) (end -1 0.6) (layer F.Fab) (width 0.1))
    (fp_line (start 1 -0.6) (end 1 0.6) (layer F.Fab) (width 0.1))
    (fp_line (start -1 -0.6) (end 1 -0.6) (layer F.Fab) (width 0.1))
    (fp_line (start -1 0.6) (end -1 -0.6) (layer F.Fab) (width 0.1))
    (pad 2 smd roundrect (at 0.9375 0 90) (size 0.975 1.4) (layers F.Cu F.Paste F.Mask) (roundrect_rratio 0.25)
      (net 1 BattRtn))
    (pad 1 smd roundrect (at -0.9375 0 90) (size 0.975 1.4) (layers F.Cu F.Paste F.Mask) (roundrect_rratio 0.25)
      (net 20 /DEC4))
    (model ${KISYS3DMOD}/Capacitor_SMD.3dshapes/C_0805_2012Metric.wrl
      (at (xyz 0 0 0))
      (scale (xyz 1 1 1))
      (rotate (xyz 0 0 0))
    )
  )

  (module Capacitor_SMD:C_0805_2012Metric (layer B.Cu) (tedit 5B36C52B) (tstamp 5C80A5EC)
    (at 207.9267 26.5938)
    (descr "Capacitor SMD 0805 (2012 Metric), square (rectangular) end terminal, IPC_7351 nominal, (Body size source: https://docs.google.com/spreadsheets/d/1BsfQQcO9C6DZCsRaXUlFlo91Tg2WpOkGARC1WS5S8t0/edit?usp=sharing), generated with kicad-footprint-generator")
    (tags capacitor)
    (path /5B0E6D4D/5C722CDE)
    (attr smd)
    (fp_text reference C11 (at 2.8933 0.0762) (layer B.SilkS)
      (effects (font (size 1 1) (thickness 0.15)) (justify mirror))
    )
    (fp_text value C (at 0 -1.65) (layer B.Fab)
      (effects (font (size 1 1) (thickness 0.15)) (justify mirror))
    )
    (fp_text user %R (at 0 0) (layer B.Fab)
      (effects (font (size 0.5 0.5) (thickness 0.08)) (justify mirror))
    )
    (fp_line (start 1.68 -0.95) (end -1.68 -0.95) (layer B.CrtYd) (width 0.05))
    (fp_line (start 1.68 0.95) (end 1.68 -0.95) (layer B.CrtYd) (width 0.05))
    (fp_line (start -1.68 0.95) (end 1.68 0.95) (layer B.CrtYd) (width 0.05))
    (fp_line (start -1.68 -0.95) (end -1.68 0.95) (layer B.CrtYd) (width 0.05))
    (fp_line (start -0.258578 -0.71) (end 0.258578 -0.71) (layer B.SilkS) (width 0.12))
    (fp_line (start -0.258578 0.71) (end 0.258578 0.71) (layer B.SilkS) (width 0.12))
    (fp_line (start 1 -0.6) (end -1 -0.6) (layer B.Fab) (width 0.1))
    (fp_line (start 1 0.6) (end 1 -0.6) (layer B.Fab) (width 0.1))
    (fp_line (start -1 0.6) (end 1 0.6) (layer B.Fab) (width 0.1))
    (fp_line (start -1 -0.6) (end -1 0.6) (layer B.Fab) (width 0.1))
    (pad 2 smd roundrect (at 0.9375 0) (size 0.975 1.4) (layers B.Cu B.Paste B.Mask) (roundrect_rratio 0.25)
      (net 1 BattRtn))
    (pad 1 smd roundrect (at -0.9375 0) (size 0.975 1.4) (layers B.Cu B.Paste B.Mask) (roundrect_rratio 0.25)
      (net 14 Vdd))
    (model ${KISYS3DMOD}/Capacitor_SMD.3dshapes/C_0805_2012Metric.wrl
      (at (xyz 0 0 0))
      (scale (xyz 1 1 1))
      (rotate (xyz 0 0 0))
    )
  )

  (module Capacitor_SMD:C_0805_2012Metric (layer B.Cu) (tedit 5B36C52B) (tstamp 5C80A5FD)
    (at 196.8269 60.5536 180)
    (descr "Capacitor SMD 0805 (2012 Metric), square (rectangular) end terminal, IPC_7351 nominal, (Body size source: https://docs.google.com/spreadsheets/d/1BsfQQcO9C6DZCsRaXUlFlo91Tg2WpOkGARC1WS5S8t0/edit?usp=sharing), generated with kicad-footprint-generator")
    (tags capacitor)
    (path /5C7C5B8E/5C7C5EDE)
    (attr smd)
    (fp_text reference C12 (at 0 1.65 180) (layer B.SilkS)
      (effects (font (size 1 1) (thickness 0.15)) (justify mirror))
    )
    (fp_text value 82n (at 0 -1.65 180) (layer B.Fab)
      (effects (font (size 1 1) (thickness 0.15)) (justify mirror))
    )
    (fp_text user %R (at 0 0 180) (layer B.Fab)
      (effects (font (size 0.5 0.5) (thickness 0.08)) (justify mirror))
    )
    (fp_line (start 1.68 -0.95) (end -1.68 -0.95) (layer B.CrtYd) (width 0.05))
    (fp_line (start 1.68 0.95) (end 1.68 -0.95) (layer B.CrtYd) (width 0.05))
    (fp_line (start -1.68 0.95) (end 1.68 0.95) (layer B.CrtYd) (width 0.05))
    (fp_line (start -1.68 -0.95) (end -1.68 0.95) (layer B.CrtYd) (width 0.05))
    (fp_line (start -0.258578 -0.71) (end 0.258578 -0.71) (layer B.SilkS) (width 0.12))
    (fp_line (start -0.258578 0.71) (end 0.258578 0.71) (layer B.SilkS) (width 0.12))
    (fp_line (start 1 -0.6) (end -1 -0.6) (layer B.Fab) (width 0.1))
    (fp_line (start 1 0.6) (end 1 -0.6) (layer B.Fab) (width 0.1))
    (fp_line (start -1 0.6) (end 1 0.6) (layer B.Fab) (width 0.1))
    (fp_line (start -1 -0.6) (end -1 0.6) (layer B.Fab) (width 0.1))
    (pad 2 smd roundrect (at 0.9375 0 180) (size 0.975 1.4) (layers B.Cu B.Paste B.Mask) (roundrect_rratio 0.25)
      (net 1 BattRtn))
    (pad 1 smd roundrect (at -0.9375 0 180) (size 0.975 1.4) (layers B.Cu B.Paste B.Mask) (roundrect_rratio 0.25)
      (net 21 "Net-(C12-Pad1)"))
    (model ${KISYS3DMOD}/Capacitor_SMD.3dshapes/C_0805_2012Metric.wrl
      (at (xyz 0 0 0))
      (scale (xyz 1 1 1))
      (rotate (xyz 0 0 0))
    )
  )

  (module Capacitor_SMD:C_0805_2012Metric (layer B.Cu) (tedit 5B36C52B) (tstamp 5C9933A9)
    (at 202.438 62.7888 270)
    (descr "Capacitor SMD 0805 (2012 Metric), square (rectangular) end terminal, IPC_7351 nominal, (Body size source: https://docs.google.com/spreadsheets/d/1BsfQQcO9C6DZCsRaXUlFlo91Tg2WpOkGARC1WS5S8t0/edit?usp=sharing), generated with kicad-footprint-generator")
    (tags capacitor)
    (path /5C7C5B8E/5C7C5EF7)
    (attr smd)
    (fp_text reference C13 (at -3.0988 -0.508 270) (layer B.SilkS)
      (effects (font (size 1 1) (thickness 0.15)) (justify mirror))
    )
    (fp_text value 82n (at 0 -1.65) (layer B.Fab)
      (effects (font (size 1 1) (thickness 0.15)) (justify mirror))
    )
    (fp_text user %R (at 0 0 270) (layer B.Fab)
      (effects (font (size 0.5 0.5) (thickness 0.08)) (justify mirror))
    )
    (fp_line (start 1.68 -0.95) (end -1.68 -0.95) (layer B.CrtYd) (width 0.05))
    (fp_line (start 1.68 0.95) (end 1.68 -0.95) (layer B.CrtYd) (width 0.05))
    (fp_line (start -1.68 0.95) (end 1.68 0.95) (layer B.CrtYd) (width 0.05))
    (fp_line (start -1.68 -0.95) (end -1.68 0.95) (layer B.CrtYd) (width 0.05))
    (fp_line (start -0.258578 -0.71) (end 0.258578 -0.71) (layer B.SilkS) (width 0.12))
    (fp_line (start -0.258578 0.71) (end 0.258578 0.71) (layer B.SilkS) (width 0.12))
    (fp_line (start 1 -0.6) (end -1 -0.6) (layer B.Fab) (width 0.1))
    (fp_line (start 1 0.6) (end 1 -0.6) (layer B.Fab) (width 0.1))
    (fp_line (start -1 0.6) (end 1 0.6) (layer B.Fab) (width 0.1))
    (fp_line (start -1 -0.6) (end -1 0.6) (layer B.Fab) (width 0.1))
    (pad 2 smd roundrect (at 0.9375 0 270) (size 0.975 1.4) (layers B.Cu B.Paste B.Mask) (roundrect_rratio 0.25)
      (net 1 BattRtn))
    (pad 1 smd roundrect (at -0.9375 0 270) (size 0.975 1.4) (layers B.Cu B.Paste B.Mask) (roundrect_rratio 0.25)
      (net 22 "Net-(C13-Pad1)"))
    (model ${KISYS3DMOD}/Capacitor_SMD.3dshapes/C_0805_2012Metric.wrl
      (at (xyz 0 0 0))
      (scale (xyz 1 1 1))
      (rotate (xyz 0 0 0))
    )
  )

  (module Capacitor_SMD:C_0805_2012Metric (layer B.Cu) (tedit 5B36C52B) (tstamp 5C80A61F)
    (at 204.7621 62.9262 270)
    (descr "Capacitor SMD 0805 (2012 Metric), square (rectangular) end terminal, IPC_7351 nominal, (Body size source: https://docs.google.com/spreadsheets/d/1BsfQQcO9C6DZCsRaXUlFlo91Tg2WpOkGARC1WS5S8t0/edit?usp=sharing), generated with kicad-footprint-generator")
    (tags capacitor)
    (path /5C7C5B8E/5C7C5EFE)
    (attr smd)
    (fp_text reference C14 (at -2.9822 -0.4699 90) (layer B.SilkS)
      (effects (font (size 1 1) (thickness 0.15)) (justify mirror))
    )
    (fp_text value 82n (at 0 -1.65) (layer B.Fab)
      (effects (font (size 1 1) (thickness 0.15)) (justify mirror))
    )
    (fp_text user %R (at 0 0 270) (layer B.Fab)
      (effects (font (size 0.5 0.5) (thickness 0.08)) (justify mirror))
    )
    (fp_line (start 1.68 -0.95) (end -1.68 -0.95) (layer B.CrtYd) (width 0.05))
    (fp_line (start 1.68 0.95) (end 1.68 -0.95) (layer B.CrtYd) (width 0.05))
    (fp_line (start -1.68 0.95) (end 1.68 0.95) (layer B.CrtYd) (width 0.05))
    (fp_line (start -1.68 -0.95) (end -1.68 0.95) (layer B.CrtYd) (width 0.05))
    (fp_line (start -0.258578 -0.71) (end 0.258578 -0.71) (layer B.SilkS) (width 0.12))
    (fp_line (start -0.258578 0.71) (end 0.258578 0.71) (layer B.SilkS) (width 0.12))
    (fp_line (start 1 -0.6) (end -1 -0.6) (layer B.Fab) (width 0.1))
    (fp_line (start 1 0.6) (end 1 -0.6) (layer B.Fab) (width 0.1))
    (fp_line (start -1 0.6) (end 1 0.6) (layer B.Fab) (width 0.1))
    (fp_line (start -1 -0.6) (end -1 0.6) (layer B.Fab) (width 0.1))
    (pad 2 smd roundrect (at 0.9375 0 270) (size 0.975 1.4) (layers B.Cu B.Paste B.Mask) (roundrect_rratio 0.25)
      (net 1 BattRtn))
    (pad 1 smd roundrect (at -0.9375 0 270) (size 0.975 1.4) (layers B.Cu B.Paste B.Mask) (roundrect_rratio 0.25)
      (net 23 "Net-(C14-Pad1)"))
    (model ${KISYS3DMOD}/Capacitor_SMD.3dshapes/C_0805_2012Metric.wrl
      (at (xyz 0 0 0))
      (scale (xyz 1 1 1))
      (rotate (xyz 0 0 0))
    )
  )

  (module Capacitor_SMD:C_0805_2012Metric (layer B.Cu) (tedit 5B36C52B) (tstamp 5C80A630)
    (at 206.9211 62.9897 270)
    (descr "Capacitor SMD 0805 (2012 Metric), square (rectangular) end terminal, IPC_7351 nominal, (Body size source: https://docs.google.com/spreadsheets/d/1BsfQQcO9C6DZCsRaXUlFlo91Tg2WpOkGARC1WS5S8t0/edit?usp=sharing), generated with kicad-footprint-generator")
    (tags capacitor)
    (path /5C7C5B8E/5C7C5F05)
    (attr smd)
    (fp_text reference C15 (at -3.0457 -0.0889 270) (layer B.SilkS)
      (effects (font (size 1 1) (thickness 0.15)) (justify mirror))
    )
    (fp_text value 82n (at 0 -1.65 270) (layer B.Fab)
      (effects (font (size 1 1) (thickness 0.15)) (justify mirror))
    )
    (fp_text user %R (at 0 0 270) (layer B.Fab)
      (effects (font (size 0.5 0.5) (thickness 0.08)) (justify mirror))
    )
    (fp_line (start 1.68 -0.95) (end -1.68 -0.95) (layer B.CrtYd) (width 0.05))
    (fp_line (start 1.68 0.95) (end 1.68 -0.95) (layer B.CrtYd) (width 0.05))
    (fp_line (start -1.68 0.95) (end 1.68 0.95) (layer B.CrtYd) (width 0.05))
    (fp_line (start -1.68 -0.95) (end -1.68 0.95) (layer B.CrtYd) (width 0.05))
    (fp_line (start -0.258578 -0.71) (end 0.258578 -0.71) (layer B.SilkS) (width 0.12))
    (fp_line (start -0.258578 0.71) (end 0.258578 0.71) (layer B.SilkS) (width 0.12))
    (fp_line (start 1 -0.6) (end -1 -0.6) (layer B.Fab) (width 0.1))
    (fp_line (start 1 0.6) (end 1 -0.6) (layer B.Fab) (width 0.1))
    (fp_line (start -1 0.6) (end 1 0.6) (layer B.Fab) (width 0.1))
    (fp_line (start -1 -0.6) (end -1 0.6) (layer B.Fab) (width 0.1))
    (pad 2 smd roundrect (at 0.9375 0 270) (size 0.975 1.4) (layers B.Cu B.Paste B.Mask) (roundrect_rratio 0.25)
      (net 1 BattRtn))
    (pad 1 smd roundrect (at -0.9375 0 270) (size 0.975 1.4) (layers B.Cu B.Paste B.Mask) (roundrect_rratio 0.25)
      (net 24 "Net-(C15-Pad1)"))
    (model ${KISYS3DMOD}/Capacitor_SMD.3dshapes/C_0805_2012Metric.wrl
      (at (xyz 0 0 0))
      (scale (xyz 1 1 1))
      (rotate (xyz 0 0 0))
    )
  )

  (module Capacitor_SMD:C_0805_2012Metric (layer B.Cu) (tedit 5B36C52B) (tstamp 5C80A641)
    (at 211.3153 62.8419 270)
    (descr "Capacitor SMD 0805 (2012 Metric), square (rectangular) end terminal, IPC_7351 nominal, (Body size source: https://docs.google.com/spreadsheets/d/1BsfQQcO9C6DZCsRaXUlFlo91Tg2WpOkGARC1WS5S8t0/edit?usp=sharing), generated with kicad-footprint-generator")
    (tags capacitor)
    (path /5C7C5B8E/5C7C5F0C)
    (attr smd)
    (fp_text reference C16 (at -0.3579 1.5113 270) (layer B.SilkS)
      (effects (font (size 1 1) (thickness 0.15)) (justify mirror))
    )
    (fp_text value 82n (at 0 -1.65 270) (layer B.Fab)
      (effects (font (size 1 1) (thickness 0.15)) (justify mirror))
    )
    (fp_text user %R (at 0 0 270) (layer B.Fab)
      (effects (font (size 0.5 0.5) (thickness 0.08)) (justify mirror))
    )
    (fp_line (start 1.68 -0.95) (end -1.68 -0.95) (layer B.CrtYd) (width 0.05))
    (fp_line (start 1.68 0.95) (end 1.68 -0.95) (layer B.CrtYd) (width 0.05))
    (fp_line (start -1.68 0.95) (end 1.68 0.95) (layer B.CrtYd) (width 0.05))
    (fp_line (start -1.68 -0.95) (end -1.68 0.95) (layer B.CrtYd) (width 0.05))
    (fp_line (start -0.258578 -0.71) (end 0.258578 -0.71) (layer B.SilkS) (width 0.12))
    (fp_line (start -0.258578 0.71) (end 0.258578 0.71) (layer B.SilkS) (width 0.12))
    (fp_line (start 1 -0.6) (end -1 -0.6) (layer B.Fab) (width 0.1))
    (fp_line (start 1 0.6) (end 1 -0.6) (layer B.Fab) (width 0.1))
    (fp_line (start -1 0.6) (end 1 0.6) (layer B.Fab) (width 0.1))
    (fp_line (start -1 -0.6) (end -1 0.6) (layer B.Fab) (width 0.1))
    (pad 2 smd roundrect (at 0.9375 0 270) (size 0.975 1.4) (layers B.Cu B.Paste B.Mask) (roundrect_rratio 0.25)
      (net 1 BattRtn))
    (pad 1 smd roundrect (at -0.9375 0 270) (size 0.975 1.4) (layers B.Cu B.Paste B.Mask) (roundrect_rratio 0.25)
      (net 25 "Net-(C16-Pad1)"))
    (model ${KISYS3DMOD}/Capacitor_SMD.3dshapes/C_0805_2012Metric.wrl
      (at (xyz 0 0 0))
      (scale (xyz 1 1 1))
      (rotate (xyz 0 0 0))
    )
  )

  (module Capacitor_SMD:C_0805_2012Metric (layer B.Cu) (tedit 5B36C52B) (tstamp 5C80A652)
    (at 213.741 62.9054 270)
    (descr "Capacitor SMD 0805 (2012 Metric), square (rectangular) end terminal, IPC_7351 nominal, (Body size source: https://docs.google.com/spreadsheets/d/1BsfQQcO9C6DZCsRaXUlFlo91Tg2WpOkGARC1WS5S8t0/edit?usp=sharing), generated with kicad-footprint-generator")
    (tags capacitor)
    (path /5C7C5B8E/5C7C5F13)
    (attr smd)
    (fp_text reference C17 (at 2.1186 0.127) (layer B.SilkS)
      (effects (font (size 1 1) (thickness 0.15)) (justify mirror))
    )
    (fp_text value 82n (at 0 -1.65 270) (layer B.Fab)
      (effects (font (size 1 1) (thickness 0.15)) (justify mirror))
    )
    (fp_text user %R (at 0 0 270) (layer B.Fab)
      (effects (font (size 0.5 0.5) (thickness 0.08)) (justify mirror))
    )
    (fp_line (start 1.68 -0.95) (end -1.68 -0.95) (layer B.CrtYd) (width 0.05))
    (fp_line (start 1.68 0.95) (end 1.68 -0.95) (layer B.CrtYd) (width 0.05))
    (fp_line (start -1.68 0.95) (end 1.68 0.95) (layer B.CrtYd) (width 0.05))
    (fp_line (start -1.68 -0.95) (end -1.68 0.95) (layer B.CrtYd) (width 0.05))
    (fp_line (start -0.258578 -0.71) (end 0.258578 -0.71) (layer B.SilkS) (width 0.12))
    (fp_line (start -0.258578 0.71) (end 0.258578 0.71) (layer B.SilkS) (width 0.12))
    (fp_line (start 1 -0.6) (end -1 -0.6) (layer B.Fab) (width 0.1))
    (fp_line (start 1 0.6) (end 1 -0.6) (layer B.Fab) (width 0.1))
    (fp_line (start -1 0.6) (end 1 0.6) (layer B.Fab) (width 0.1))
    (fp_line (start -1 -0.6) (end -1 0.6) (layer B.Fab) (width 0.1))
    (pad 2 smd roundrect (at 0.9375 0 270) (size 0.975 1.4) (layers B.Cu B.Paste B.Mask) (roundrect_rratio 0.25)
      (net 1 BattRtn))
    (pad 1 smd roundrect (at -0.9375 0 270) (size 0.975 1.4) (layers B.Cu B.Paste B.Mask) (roundrect_rratio 0.25)
      (net 14 Vdd))
    (model ${KISYS3DMOD}/Capacitor_SMD.3dshapes/C_0805_2012Metric.wrl
      (at (xyz 0 0 0))
